1-0-0: 0 ->  0 10 1 4 0 0 0 1 10 2 83.333% 12
1-0-1: 0 ->  0 10 1 4 0 0 0 1 10 2 83.333% 12
1-0-2: 0 ->  0 10 1 4 0 0 0 1 10 2 83.333% 12
1-0-3: 0 ->  0 10 1 4 0 0 0 1 10 2 83.333% 12
1-0-4: 0 ->  0 10 1 4 0 0 0 1 10 2 83.333% 12
1-0-5: 0 ->  0 10 1 4 0 0 0 1 10 2 83.333% 12
1-1-0: 0 ->  0 10 0 4 0 0 0 1 10 2 83.333% 12
1-1-1: 0 ->  0 10 0 4 0 0 0 1 10 2 83.333% 12
1-1-2: 0 ->  0 10 0 4 0 0 0 1 10 2 83.333% 12
1-1-3: 0 ->  0 10 0 4 0 0 0 1 10 2 83.333% 12
1-1-4: 0 ->  0 10 0 4 0 0 0 1 10 2 83.333% 12
1-1-5: 0 ->  0 10 0 4 0 0 0 1 10 2 83.333% 12
2-0-0: 0 ->  0 10 1 4 0 0 0 1 10 2 83.333% 12
2-0-1: 0 ->  0 10 1 4 0 0 0 1 10 2 83.333% 12
2-0-2: 0 ->  0 10 1 4 0 0 0 1 10 2 83.333% 12
2-0-3: 0 ->  0 10 1 4 0 0 0 1 10 2 83.333% 12
2-0-4: 0 ->  0 10 1 4 0 0 0 1 10 2 83.333% 12
2-0-5: 0 ->  0 10 1 4 0 0 0 1 10 2 83.333% 12
2-1-0: 0 ->  0 10 0 4 0 0 0 1 10 2 83.333% 12
2-1-1: 0 ->  0 10 0 4 0 0 0 1 10 2 83.333% 12
2-1-2: 0 ->  0 10 0 4 0 0 0 1 10 2 83.333% 12
2-1-3: 0 ->  0 10 0 4 0 0 0 1 10 2 83.333% 12
2-1-4: 0 ->  0 10 0 4 0 0 0 1 10 2 83.333% 12
2-1-5: 0 ->  0 10 0 4 0 0 0 1 10 2 83.333% 12
3-0-0: 0 ->  0 10 1 4 0 0 0 1 10 2 83.333% 12
3-0-1: 0 ->  0 10 1 4 0 0 0 1 10 2 83.333% 12
3-0-2: 0 ->  0 10 1 4 0 0 0 1 10 2 83.333% 12
3-0-3: 0 ->  0 10 1 4 0 0 0 1 10 2 83.333% 12
3-0-4: 0 ->  0 10 1 4 0 0 0 1 10 2 83.333% 12
3-0-5: 0 ->  0 10 1 4 0 0 0 1 10 2 83.333% 12
3-1-0: 0 ->  0 10 0 4 0 0 0 1 10 2 83.333% 12
3-1-1: 0 ->  0 10 0 4 0 0 0 1 10 2 83.333% 12
3-1-2: 0 ->  0 10 0 4 0 0 0 1 10 2 83.333% 12
3-1-3: 0 ->  0 10 0 4 0 0 0 1 10 2 83.333% 12
3-1-4: 0 ->  0 10 0 4 0 0 0 1 10 2 83.333% 12
3-1-5: 0 ->  0 10 0 4 0 0 0 1 10 2 83.333% 12
1-0-0: 1 ->  100 12 2 6 0 0 0 1 14 2 87.500% 16
1-0-1: 1 ->  100 12 2 6 0 0 0 1 14 2 87.500% 16
1-0-2: 1 ->  100 12 2 6 0 0 0 1 14 2 87.500% 16
1-0-3: 1 ->  100 12 2 6 0 0 0 1 14 2 87.500% 16
1-0-4: 1 ->  100 12 2 6 0 0 0 1 14 2 87.500% 16
1-0-5: 1 ->  100 12 2 6 0 0 0 1 14 2 87.500% 16
1-1-0: 1 ->  100 12 0 6 0 0 0 1 14 2 87.500% 16
1-1-1: 1 ->  100 12 0 6 0 0 0 1 14 2 87.500% 16
1-1-2: 1 ->  100 12 0 6 0 0 0 1 14 2 87.500% 16
1-1-3: 1 ->  100 12 0 6 0 0 0 1 14 2 87.500% 16
1-1-4: 1 ->  100 12 0 6 0 0 0 1 14 2 87.500% 16
1-1-5: 1 ->  100 12 0 6 0 0 0 1 14 2 87.500% 16
2-0-0: 1 ->  100 12 2 6 0 0 0 1 14 2 87.500% 16
2-0-1: 1 ->  100 12 2 6 0 0 0 1 14 2 87.500% 16
2-0-2: 1 ->  100 12 2 6 0 0 0 1 14 2 87.500% 16
2-0-3: 1 ->  100 12 2 6 0 0 0 1 14 2 87.500% 16
2-0-4: 1 ->  100 12 2 6 0 0 0 1 14 2 87.500% 16
2-0-5: 1 ->  100 12 2 6 0 0 0 1 14 2 87.500% 16
2-1-0: 1 ->  100 12 0 6 0 0 0 1 14 2 87.500% 16
2-1-1: 1 ->  100 12 0 6 0 0 0 1 14 2 87.500% 16
2-1-2: 1 ->  100 12 0 6 0 0 0 1 14 2 87.500% 16
2-1-3: 1 ->  100 12 0 6 0 0 0 1 14 2 87.500% 16
2-1-4: 1 ->  100 12 0 6 0 0 0 1 14 2 87.500% 16
2-1-5: 1 ->  100 12 0 6 0 0 0 1 14 2 87.500% 16
3-0-0: 1 ->  100 12 2 6 0 0 0 1 14 2 87.500% 16
3-0-1: 1 ->  100 12 2 6 0 0 0 1 14 2 87.500% 16
3-0-2: 1 ->  100 12 2 6 0 0 0 1 14 2 87.500% 16
3-0-3: 1 ->  100 12 2 6 0 0 0 1 14 2 87.500% 16
3-0-4: 1 ->  100 12 2 6 0 0 0 1 14 2 87.500% 16
3-0-5: 1 ->  100 12 2 6 0 0 0 1 14 2 87.500% 16
3-1-0: 1 ->  100 12 0 6 0 0 0 1 14 2 87.500% 16
3-1-1: 1 ->  100 12 0 6 0 0 0 1 14 2 87.500% 16
3-1-2: 1 ->  100 12 0 6 0 0 0 1 14 2 87.500% 16
3-1-3: 1 ->  100 12 0 6 0 0 0 1 14 2 87.500% 16
3-1-4: 1 ->  100 12 0 6 0 0 0 1 14 2 87.500% 16
3-1-5: 1 ->  100 12 0 6 0 0 0 1 14 2 87.500% 16
1-0-0: 2 ->  5050 1349 206 714 102 94 8 2 1959 3 99.847% 1962
1-0-1: 2 ->  5050 1349 206 714 102 94 8 2 1959 3 99.847% 1962
1-0-2: 2 ->  5050 1349 206 714 102 94 8 2 1959 3 99.847% 1962
1-0-3: 2 ->  5050 1349 206 714 102 94 8 2 1959 3 99.847% 1962
1-0-4: 2 ->  5050 1349 206 714 102 94 8 2 1959 3 99.847% 1962
1-0-5: 2 ->  5050 1349 206 714 102 94 8 2 1959 3 99.847% 1962
1-1-0: 2 ->  5050 1349 0 714 102 94 8 2 1959 3 99.847% 1962
1-1-1: 2 ->  5050 1349 0 714 102 94 8 2 1959 3 99.847% 1962
1-1-2: 2 ->  5050 1349 0 714 102 94 8 2 1959 3 99.847% 1962
1-1-3: 2 ->  5050 1349 0 714 102 94 8 2 1959 3 99.847% 1962
1-1-4: 2 ->  5050 1349 0 714 102 94 8 2 1959 3 99.847% 1962
1-1-5: 2 ->  5050 1349 0 714 102 94 8 2 1959 3 99.847% 1962
2-0-0: 2 ->  5050 1349 206 714 102 94 8 2 1959 3 99.847% 1962
2-0-1: 2 ->  5050 1349 206 714 102 94 8 2 1959 3 99.847% 1962
2-0-2: 2 ->  5050 1349 206 714 102 94 8 2 1959 3 99.847% 1962
2-0-3: 2 ->  5050 1349 206 714 102 94 8 2 1959 3 99.847% 1962
2-0-4: 2 ->  5050 1349 206 714 102 94 8 2 1959 3 99.847% 1962
2-0-5: 2 ->  5050 1349 206 714 102 94 8 2 1959 3 99.847% 1962
2-1-0: 2 ->  5050 1349 0 714 102 94 8 2 1959 3 99.847% 1962
2-1-1: 2 ->  5050 1349 0 714 102 94 8 2 1959 3 99.847% 1962
2-1-2: 2 ->  5050 1349 0 714 102 94 8 2 1959 3 99.847% 1962
2-1-3: 2 ->  5050 1349 0 714 102 94 8 2 1959 3 99.847% 1962
2-1-4: 2 ->  5050 1349 0 714 102 94 8 2 1959 3 99.847% 1962
2-1-5: 2 ->  5050 1349 0 714 102 94 8 2 1959 3 99.847% 1962
3-0-0: 2 ->  5050 1349 206 714 102 94 8 2 1959 3 99.847% 1962
3-0-1: 2 ->  5050 1349 206 714 102 94 8 2 1959 3 99.847% 1962
3-0-2: 2 ->  5050 1349 206 714 102 94 8 2 1959 3 99.847% 1962
3-0-3: 2 ->  5050 1349 206 714 102 94 8 2 1959 3 99.847% 1962
3-0-4: 2 ->  5050 1349 206 714 102 94 8 2 1959 3 99.847% 1962
3-0-5: 2 ->  5050 1349 206 714 102 94 8 2 1959 3 99.847% 1962
3-1-0: 2 ->  5050 1349 0 714 102 94 8 2 1959 3 99.847% 1962
3-1-1: 2 ->  5050 1349 0 714 102 94 8 2 1959 3 99.847% 1962
3-1-2: 2 ->  5050 1349 0 714 102 94 8 2 1959 3 99.847% 1962
3-1-3: 2 ->  5050 1349 0 714 102 94 8 2 1959 3 99.847% 1962
3-1-4: 2 ->  5050 1349 0 714 102 94 8 2 1959 3 99.847% 1962
3-1-5: 2 ->  5050 1349 0 714 102 94 8 2 1959 3 99.847% 1962
1-0-0: 3 ->  55 302 41 160 10 2 8 22 392 10 97.512% 402
1-0-1: 3 ->  55 302 41 160 10 2 8 22 392 10 97.512% 402
1-0-2: 3 ->  55 302 41 160 10 2 8 22 392 10 97.512% 402
1-0-3: 3 ->  55 302 41 160 10 2 8 22 392 10 97.512% 402
1-0-4: 3 ->  55 302 41 160 10 2 8 22 392 10 97.512% 402
1-0-5: 3 ->  55 302 41 160 10 2 8 22 392 10 97.512% 402
1-1-0: 3 ->  55 302 0 160 10 2 8 22 392 10 97.512% 402
1-1-1: 3 ->  55 302 0 160 10 2 8 22 392 10 97.512% 402
1-1-2: 3 ->  55 302 0 160 10 2 8 22 392 10 97.512% 402
1-1-3: 3 ->  55 302 0 160 10 2 8 22 392 10 97.512% 402
1-1-4: 3 ->  55 302 0 160 10 2 8 22 392 10 97.512% 402
1-1-5: 3 ->  55 302 0 160 10 2 8 22 392 10 97.512% 402
2-0-0: 3 ->  55 302 41 160 10 2 8 22 392 10 97.512% 402
2-0-1: 3 ->  55 302 41 160 10 2 8 22 392 10 97.512% 402
2-0-2: 3 ->  55 302 41 160 10 2 8 22 392 10 97.512% 402
2-0-3: 3 ->  55 302 41 160 10 2 8 22 392 10 97.512% 402
2-0-4: 3 ->  55 302 41 160 10 2 8 22 392 10 97.512% 402
2-0-5: 3 ->  55 302 41 160 10 2 8 22 392 10 97.512% 402
2-1-0: 3 ->  55 302 0 160 10 2 8 22 392 10 97.512% 402
2-1-1: 3 ->  55 302 0 160 10 2 8 22 392 10 97.512% 402
2-1-2: 3 ->  55 302 0 160 10 2 8 22 392 10 97.512% 402
2-1-3: 3 ->  55 302 0 160 10 2 8 22 392 10 97.512% 402
2-1-4: 3 ->  55 302 0 160 10 2 8 22 392 10 97.512% 402
2-1-5: 3 ->  55 302 0 160 10 2 8 22 392 10 97.512% 402
3-0-0: 3 ->  55 302 41 160 10 2 8 22 392 10 97.512% 402
3-0-1: 3 ->  55 302 41 160 10 2 8 22 392 10 97.512% 402
3-0-2: 3 ->  55 302 41 160 10 2 8 22 392 10 97.512% 402
3-0-3: 3 ->  55 302 41 160 10 2 8 22 392 10 97.512% 402
3-0-4: 3 ->  55 302 41 160 10 2 8 22 392 10 97.512% 402
3-0-5: 3 ->  55 302 41 160 10 2 8 22 392 10 97.512% 402
3-1-0: 3 ->  55 302 0 160 10 2 8 22 392 10 97.512% 402
3-1-1: 3 ->  55 302 0 160 10 2 8 22 392 10 97.512% 402
3-1-2: 3 ->  55 302 0 160 10 2 8 22 392 10 97.512% 402
3-1-3: 3 ->  55 302 0 160 10 2 8 22 392 10 97.512% 402
3-1-4: 3 ->  55 302 0 160 10 2 8 22 392 10 97.512% 402
3-1-5: 3 ->  55 302 0 160 10 2 8 22 392 10 97.512% 402
1-0-0: 4 ->  1 1285 153 631 73 50 23 103 1748 23 98.701% 1771
1-0-1: 4 ->  1 1285 153 631 73 50 23 103 1748 23 98.701% 1771
1-0-2: 4 ->  1 1285 153 631 73 50 23 103 1748 23 98.701% 1771
1-0-3: 4 ->  1 1285 153 631 73 50 23 103 1748 23 98.701% 1771
1-0-4: 4 ->  1 1285 153 631 73 50 23 103 1748 23 98.701% 1771
1-0-5: 4 ->  1 1285 153 631 73 50 23 103 1748 23 98.701% 1771
1-1-0: 4 ->  1 1285 0 631 73 50 23 103 1748 23 98.701% 1771
1-1-1: 4 ->  1 1285 0 631 73 50 23 103 1748 23 98.701% 1771
1-1-2: 4 ->  1 1285 0 631 73 50 23 103 1748 23 98.701% 1771
1-1-3: 4 ->  1 1285 0 631 73 50 23 103 1748 23 98.701% 1771
1-1-4: 4 ->  1 1285 0 631 73 50 23 103 1748 23 98.701% 1771
1-1-5: 4 ->  1 1285 0 631 73 50 23 103 1748 23 98.701% 1771
2-0-0: 4 ->  1 1285 153 631 73 50 23 103 1745 26 98.532% 1771
2-0-1: 4 ->  1 1285 153 631 73 50 23 103 1745 26 98.532% 1771
2-0-2: 4 ->  1 1285 153 631 73 50 23 103 1745 26 98.532% 1771
2-0-3: 4 ->  1 1285 153 631 73 50 23 103 1745 26 98.532% 1771
2-0-4: 4 ->  1 1285 153 631 73 50 23 103 1745 26 98.532% 1771
2-0-5: 4 ->  1 1285 153 631 73 50 23 103 1745 26 98.532% 1771
2-1-0: 4 ->  1 1285 6 631 73 50 23 103 1745 26 98.532% 1771
2-1-1: 4 ->  1 1285 6 631 73 50 23 103 1745 26 98.532% 1771
2-1-2: 4 ->  1 1285 6 631 73 50 23 103 1745 26 98.532% 1771
2-1-3: 4 ->  1 1285 6 631 73 50 23 103 1745 26 98.532% 1771
2-1-4: 4 ->  1 1285 6 631 73 50 23 103 1745 26 98.532% 1771
2-1-5: 4 ->  1 1285 6 631 73 50 23 103 1745 26 98.532% 1771
3-0-0: 4 ->  1 1285 153 631 73 50 23 103 1748 23 98.701% 1771
3-0-1: 4 ->  1 1285 153 631 73 50 23 103 1748 23 98.701% 1771
3-0-2: 4 ->  1 1285 153 631 73 50 23 103 1748 23 98.701% 1771
3-0-3: 4 ->  1 1285 153 631 73 50 23 103 1748 23 98.701% 1771
3-0-4: 4 ->  1 1285 153 631 73 50 23 103 1748 23 98.701% 1771
3-0-5: 4 ->  1 1285 153 631 73 50 23 103 1748 23 98.701% 1771
3-1-0: 4 ->  1 1285 0 631 73 50 23 103 1748 23 98.701% 1771
3-1-1: 4 ->  1 1285 0 631 73 50 23 103 1748 23 98.701% 1771
3-1-2: 4 ->  1 1285 0 631 73 50 23 103 1748 23 98.701% 1771
3-1-3: 4 ->  1 1285 0 631 73 50 23 103 1748 23 98.701% 1771
3-1-4: 4 ->  1 1285 0 631 73 50 23 103 1748 23 98.701% 1771
3-1-5: 4 ->  1 1285 0 631 73 50 23 103 1748 23 98.701% 1771
1-0-0: 5 ->  55 3232 494 1638 109 79 30 274 4316 11 99.746% 4327
1-0-1: 5 ->  55 3232 494 1638 109 79 30 274 4316 11 99.746% 4327
1-0-2: 5 ->  55 3232 494 1638 109 79 30 274 4316 11 99.746% 4327
1-0-3: 5 ->  55 3232 494 1638 109 79 30 274 4316 11 99.746% 4327
1-0-4: 5 ->  55 3232 494 1638 109 79 30 274 4316 11 99.746% 4327
1-0-5: 5 ->  55 3232 494 1638 109 79 30 274 4316 11 99.746% 4327
1-1-0: 5 ->  55 3232 0 1638 109 79 30 274 4316 11 99.746% 4327
1-1-1: 5 ->  55 3232 0 1638 109 79 30 274 4316 11 99.746% 4327
1-1-2: 5 ->  55 3232 0 1638 109 79 30 274 4316 11 99.746% 4327
1-1-3: 5 ->  55 3232 0 1638 109 79 30 274 4316 11 99.746% 4327
1-1-4: 5 ->  55 3232 0 1638 109 79 30 274 4316 11 99.746% 4327
1-1-5: 5 ->  55 3232 0 1638 109 79 30 274 4316 11 99.746% 4327
2-0-0: 5 ->  55 3232 494 1638 109 79 30 274 4316 11 99.746% 4327
2-0-1: 5 ->  55 3232 494 1638 109 79 30 274 4316 11 99.746% 4327
2-0-2: 5 ->  55 3232 494 1638 109 79 30 274 4316 11 99.746% 4327
2-0-3: 5 ->  55 3232 494 1638 109 79 30 274 4316 11 99.746% 4327
2-0-4: 5 ->  55 3232 494 1638 109 79 30 274 4316 11 99.746% 4327
2-0-5: 5 ->  55 3232 494 1638 109 79 30 274 4316 11 99.746% 4327
2-1-0: 5 ->  55 3232 0 1638 109 79 30 274 4316 11 99.746% 4327
2-1-1: 5 ->  55 3232 0 1638 109 79 30 274 4316 11 99.746% 4327
2-1-2: 5 ->  55 3232 0 1638 109 79 30 274 4316 11 99.746% 4327
2-1-3: 5 ->  55 3232 0 1638 109 79 30 274 4316 11 99.746% 4327
2-1-4: 5 ->  55 3232 0 1638 109 79 30 274 4316 11 99.746% 4327
2-1-5: 5 ->  55 3232 0 1638 109 79 30 274 4316 11 99.746% 4327
3-0-0: 5 ->  55 3232 494 1638 109 79 30 274 4316 11 99.746% 4327
3-0-1: 5 ->  55 3232 494 1638 109 79 30 274 4316 11 99.746% 4327
3-0-2: 5 ->  55 3232 494 1638 109 79 30 274 4316 11 99.746% 4327
3-0-3: 5 ->  55 3232 494 1638 109 79 30 274 4316 11 99.746% 4327
3-0-4: 5 ->  55 3232 494 1638 109 79 30 274 4316 11 99.746% 4327
3-0-5: 5 ->  55 3232 494 1638 109 79 30 274 4316 11 99.746% 4327
3-1-0: 5 ->  55 3232 0 1638 109 79 30 274 4316 11 99.746% 4327
3-1-1: 5 ->  55 3232 0 1638 109 79 30 274 4316 11 99.746% 4327
3-1-2: 5 ->  55 3232 0 1638 109 79 30 274 4316 11 99.746% 4327
3-1-3: 5 ->  55 3232 0 1638 109 79 30 274 4316 11 99.746% 4327
3-1-4: 5 ->  55 3232 0 1638 109 79 30 274 4316 11 99.746% 4327
3-1-5: 5 ->  55 3232 0 1638 109 79 30 274 4316 11 99.746% 4327
1-0-0: 6 ->  85 23374635 1026130 15240278 2029699 2028786 912 104 30425167 66074 99.783% 30556803
1-0-1: 6 ->  85 23374635 1026130 15240278 2029699 2028786 912 104 30432226 59015 99.806% 30491241
1-0-2: 6 ->  85 23374635 1026130 15240278 2029699 2028786 912 104 30425587 65654 99.785% 47167593
1-0-3: 6 ->  85 23374635 1026130 15240278 2029699 2028786 912 104 30076574 414667 98.640% 136514921
1-0-4: 6 ->  85 23374635 1026130 15240278 2029699 2028786 912 104 30425168 66073 99.783% 30622100
1-0-5: 6 ->  85 23374635 1026130 15240278 2029699 2028786 912 104 30425167 66074 99.783% 30752678
1-1-0: 6 ->  85 23374635 1074 15240278 2029699 2028786 912 104 30425167 66074 99.783% 30556803
1-1-1: 6 ->  85 23374635 1043 15240278 2029699 2028786 912 104 30432366 58875 99.807% 30491241
1-1-2: 6 ->  85 23374635 826 15240278 2029699 2028786 912 104 30425587 65654 99.785% 47167593
1-1-3: 6 ->  85 23374635 430 15240278 2029699 2028786 912 104 30076574 414667 98.640% 136514921
1-1-4: 6 ->  85 23374635 1074 15240278 2029699 2028786 912 104 30425168 66073 99.783% 30622100
1-1-5: 6 ->  85 23374635 1074 15240278 2029699 2028786 912 104 30425167 66074 99.783% 30752678
2-0-0: 6 ->  85 23374635 1026130 15240278 2029699 2028786 912 104 29970022 521219 98.291% 30491241
2-0-1: 6 ->  85 23374635 1026130 15240278 2029699 2028786 912 104 29970022 521219 98.291% 30491241
2-0-2: 6 ->  85 23374635 1026130 15240278 2029699 2028786 912 104 29970022 521219 98.291% 30491241
2-0-3: 6 ->  85 23374635 1026130 15240278 2029699 2028786 912 104 29970022 521219 98.291% 30491241
2-0-4: 6 ->  85 23374635 1026130 15240278 2029699 2028786 912 104 29970022 521219 98.291% 30491241
2-0-5: 6 ->  85 23374635 1026130 15240278 2029699 2028786 912 104 29970022 521219 98.291% 30491241
2-1-0: 6 ->  85 23374635 172396 15240278 2029699 2028786 912 104 29970022 521219 98.291% 30491241
2-1-1: 6 ->  85 23374635 172396 15240278 2029699 2028786 912 104 29970022 521219 98.291% 30491241
2-1-2: 6 ->  85 23374635 172396 15240278 2029699 2028786 912 104 29970022 521219 98.291% 30491241
2-1-3: 6 ->  85 23374635 172396 15240278 2029699 2028786 912 104 29970022 521219 98.291% 30491241
2-1-4: 6 ->  85 23374635 172396 15240278 2029699 2028786 912 104 29970022 521219 98.291% 30491241
2-1-5: 6 ->  85 23374635 172396 15240278 2029699 2028786 912 104 29970022 521219 98.291% 30491241
3-0-0: 6 ->  85 23374635 1026130 15240278 2029699 2028786 912 104 30423679 67562 99.778% 30558675
3-0-1: 6 ->  85 23374635 1026130 15240278 2029699 2028786 912 104 30423314 67927 99.777% 30491241
3-0-2: 6 ->  85 23374635 1026130 15240278 2029699 2028786 912 104 30271266 219975 99.279% 34008793
3-0-3: 6 ->  85 23374635 1026130 15240278 2029699 2028786 912 104 30154401 336840 98.895% 35878633
3-0-4: 6 ->  85 23374635 1026130 15240278 2029699 2028786 912 104 30423679 67562 99.778% 30626035
3-0-5: 6 ->  85 23374635 1026130 15240278 2029699 2028786 912 104 30423679 67562 99.778% 30760772
3-1-0: 6 ->  85 23374635 1833 15240278 2029699 2028786 912 104 30423679 67562 99.778% 30558675
3-1-1: 6 ->  85 23374635 1833 15240278 2029699 2028786 912 104 30423421 67820 99.778% 30491241
3-1-2: 6 ->  85 23374635 768 15240278 2029699 2028786 912 104 30271266 219975 99.279% 34008793
3-1-3: 6 ->  85 23374635 689 15240278 2029699 2028786 912 104 30154401 336840 98.895% 35878633
3-1-4: 6 ->  85 23374635 1833 15240278 2029699 2028786 912 104 30423679 67562 99.778% 30626035
3-1-5: 6 ->  85 23374635 1833 15240278 2029699 2028786 912 104 30423679 67562 99.778% 30760772
